<svg class="" version="1.0" xmlns="http://www.w3.org/2000/svg"
  width="100pt" height="200pt" viewBox="0 0 502.000000 1280.000000"
  preserveAspectRatio="xMidYMid meet">
  <defs>
      <clipPath id="yellow-clip">
        <rect x="0" y="0" width="100%" :height="clipY + '%' " />
      </clipPath>
    </defs>
  <g clip-path="url(#yellow-clip)">
  <g transform="translate(0.000000,1280.000000) scale(0.100000,-0.100000)"
  fill="yellow" >
  <path d="M2732 12793 c-7 -3 -38 -20 -69 -39 -61 -37 -103 -43 -123 -19 -16
  19 -51 19 -154 1 -45 -8 -135 -19 -201 -26 -66 -6 -145 -18 -175 -27 -66 -18
  -199 -79 -278 -127 -54 -32 -450 -185 -857 -331 -329 -118 -502 -200 -716
  -341 -171 -113 -189 -155 -121 -299 57 -120 271 -362 607 -684 152 -146 212
  -197 541 -455 182 -144 330 -292 367 -369 40 -84 36 -97 -43 -124 -76 -25 -55
  -30 33 -7 69 18 68 18 87 -63 11 -53 11 -56 -12 -81 -14 -15 -30 -41 -37 -59
  -7 -17 -22 -40 -33 -50 -19 -17 -48 -64 -48 -78 0 -4 14 5 31 19 17 14 37 26
  45 26 8 0 26 7 39 16 13 8 34 14 47 12 19 -3 25 -14 40 -78 15 -65 18 -135 19
  -510 2 -459 1 -481 -47 -604 -38 -97 -146 -238 -354 -461 -62 -66 -127 -138
  -145 -160 -61 -74 -116 -193 -189 -412 -41 -120 -110 -310 -156 -423 -100
  -250 -116 -340 -106 -585 10 -256 40 -396 171 -795 46 -140 102 -322 124 -405
  22 -82 70 -247 106 -365 36 -118 65 -224 65 -236 0 -11 -30 -101 -66 -200 -85
  -233 -140 -412 -204 -663 -44 -172 -52 -214 -48 -275 4 -91 37 -160 116 -241
  111 -115 328 -350 356 -387 24 -33 30 -54 46 -180 10 -79 43 -253 74 -388 129
  -555 126 -538 261 -1393 19 -120 35 -235 35 -255 0 -69 -44 -139 -164 -256
  -61 -60 -144 -131 -184 -157 -72 -48 -166 -89 -201 -89 -10 0 -30 -9 -45 -21
  -65 -51 1 -138 74 -99 10 6 75 14 143 19 l125 8 113 61 c135 71 221 98 344
  107 108 8 167 31 195 77 31 51 27 110 -14 177 -68 113 -67 102 -76 681 -4 289
  -7 526 -5 528 5 6 468 -566 503 -621 72 -115 128 -314 120 -435 -8 -134 -122
  -355 -252 -487 -93 -95 -104 -117 -75 -146 27 -27 62 -19 109 26 19 18 68 49
  108 69 87 44 136 87 197 171 55 78 177 178 305 250 52 29 109 68 127 87 84 87
  66 178 -51 257 -86 58 -96 70 -218 261 -316 496 -323 512 -479 1057 -60 210
  -120 413 -135 450 -14 37 -38 118 -54 179 -31 122 -74 214 -143 312 -59 83
  -64 126 -37 387 29 295 26 459 -17 714 l-18 104 39 71 c50 91 251 443 379 661
  211 360 292 543 377 850 48 174 72 250 128 395 43 111 82 279 82 352 0 23 9
  84 21 134 21 86 23 90 39 74 10 -10 39 -21 66 -25 26 -4 92 -24 146 -46 113
  -45 186 -51 253 -20 69 31 332 260 515 447 189 194 345 371 540 614 120 150
  240 294 326 393 53 59 60 91 39 162 -8 30 -26 97 -40 148 -55 211 -256 714
  -354 886 -96 168 -171 329 -206 440 -36 118 -159 437 -212 551 -54 117 -121
  225 -165 267 -54 52 -88 61 -251 65 l-148 3 36 30 c55 47 75 83 75 138 0 74
  -29 119 -113 175 -91 62 -101 74 -133 153 -31 76 -58 124 -92 162 -52 56 -122
  23 -152 -70 -12 -38 -30 -66 -30 -48 0 6 7 39 16 75 9 36 19 100 23 142 l6 77
  88 -76 c97 -83 129 -130 162 -236 l22 -72 21 56 c11 31 24 84 28 118 3 33 10
  61 14 61 4 0 18 -8 29 -17 37 -30 46 -105 25 -198 -5 -19 -5 -19 10 -1 41 51
  27 163 -28 224 -43 48 -56 74 -56 111 0 55 -22 132 -45 159 l-22 26 20 17 c19
  15 19 19 8 48 -13 29 -11 35 23 90 42 68 43 78 16 130 -33 65 -105 111 -175
  111 -20 0 -21 6 -20 109 0 102 -2 111 -24 135 -35 38 -66 34 -89 -10 l-18 -36
  -54 66 c-29 36 -70 77 -91 90 -21 14 -51 45 -68 69 -17 25 -54 60 -83 78 -61
  39 -168 79 -212 79 -26 0 -28 2 -16 14 31 30 91 23 135 -15 39 -35 46 -26 13
  16 -33 42 -103 65 -146 48z m600 -434 c-5 -31 -5 -31 -24 -11 -22 22 -17 42
  11 42 14 0 17 -6 13 -31z m-1412 -162 c0 -7 -8 -23 -17 -37 -18 -26 -21 -25
  32 -4 42 17 -10 -75 -63 -111 -42 -29 -61 -32 -41 -9 12 15 11 16 -8 10 -21
  -7 -21 -6 -8 38 25 84 56 125 93 126 6 0 12 -6 12 -13z m-115 -78 c-14 -30
  -25 -59 -25 -65 0 -7 -11 -19 -25 -28 -24 -16 -24 -18 -9 -41 15 -23 14 -25
  -10 -46 -25 -22 -25 -24 -10 -47 16 -24 16 -25 -7 -18 -49 14 -97 18 -103 8
  -16 -26 16 -51 102 -82 17 -7 32 -18 32 -25 0 -7 -22 -34 -49 -61 -52 -53 -71
  -97 -71 -174 0 -69 -8 -74 -69 -54 -94 30 -219 1 -298 -70 -37 -34 -46 -49
  -46 -75 0 -28 27 -73 36 -60 1 2 15 23 29 45 71 110 276 122 352 20 16 -21 21
  -42 21 -93 0 -56 -3 -67 -24 -84 -37 -31 -70 -24 -145 31 -41 30 -79 50 -95
  50 -16 0 -51 -19 -90 -50 -81 -63 -120 -77 -158 -56 -15 8 -77 58 -138 111
  -60 53 -158 135 -217 182 -93 75 -105 88 -95 104 6 10 146 108 312 218 253
  168 328 212 480 284 193 91 326 142 343 132 1 -1 -9 -26 -23 -56z m1725 -69
  c17 -9 45 -69 36 -78 -3 -2 -21 -1 -40 2 -38 7 -78 48 -69 72 6 16 46 19 73 4z
  m-1669 -64 c-34 -49 -54 -61 -70 -42 -17 21 -4 40 42 64 59 29 62 28 28 -22z
  m1442 -147 c54 -48 87 -93 87 -119 0 -7 -13 -1 -28 12 -15 12 -46 31 -69 42
  -42 18 -63 52 -63 97 0 28 11 24 73 -32z m-1403 -90 c-47 -40 -109 -69 -149
  -69 -41 0 -32 16 14 24 20 4 61 23 93 41 70 43 89 44 42 4z m1446 -43 c54 -41
  136 -136 118 -136 -3 0 -33 25 -67 56 -33 30 -77 66 -98 79 -20 13 -40 29 -44
  35 -9 15 5 33 18 22 7 -5 39 -30 73 -56z m-1415 -93 c-12 -22 -107 -114 -141
  -137 -27 -18 -80 -22 -80 -6 0 6 10 10 23 10 28 0 54 18 136 92 69 62 77 68
  62 41z m268 -265 c23 -20 44 -28 71 -28 68 0 64 -42 -15 -145 -77 -101 -112
  -185 -130 -310 -17 -119 -44 -189 -85 -214 l-24 -16 23 31 c30 41 40 91 41
  199 0 80 3 96 29 145 57 109 60 212 10 359 -26 75 -24 81 14 41 18 -19 48 -47
  66 -62z m-734 -180 c69 -47 84 -53 129 -53 28 0 66 8 84 17 38 20 41 10 8 -29
  -22 -25 -31 -28 -88 -28 -54 0 -78 7 -163 47 -55 25 -109 49 -120 53 -19 6
  -19 7 4 26 36 29 61 23 146 -33z m1810 -191 c14 -37 21 -67 17 -67 -4 0 -24
  11 -44 25 -21 14 -48 29 -62 35 -19 7 -26 18 -31 52 -6 43 1 72 40 163 l18 40
  18 -91 c10 -50 30 -120 44 -157z m-877 130 c33 -103 34 -114 12 -120 -12 -3
  -29 -27 -44 -59 -29 -63 -31 -52 -11 61 9 52 12 106 8 139 -8 73 9 62 35 -21z
  m-1015 11 l32 -31 -30 -13 c-26 -11 -27 -13 -7 -14 22 0 31 -24 12 -35 -16
  -10 -52 5 -47 19 4 9 -2 11 -18 8 -24 -4 -145 45 -145 59 0 12 88 37 133 38
  30 1 45 -6 70 -31z m2134 -28 c59 -27 103 -61 103 -78 0 -5 -21 -5 -47 -1 -27
  4 -71 8 -98 8 -58 1 -75 13 -75 52 0 67 9 68 117 19z m-1693 -97 c-25 -18 -28
  -9 -7 23 16 24 18 26 22 9 2 -10 -5 -25 -15 -32z m1780 -22 c45 -28 52 -51 27
  -98 -25 -50 -69 -91 -75 -72 -2 8 -10 31 -16 51 -6 21 -31 59 -56 87 -24 27
  -44 52 -44 56 0 16 129 -3 164 -24z m-372 -93 c32 -43 51 -78 44 -85 -3 -3
  -21 5 -41 17 -38 23 -65 65 -65 100 0 17 3 19 18 11 11 -6 30 -25 44 -43z
  m-778 -48 c-8 -53 -26 -134 -32 -144 -9 -16 -22 19 -22 60 0 56 17 144 32 162
  10 12 14 10 20 -14 4 -16 5 -45 2 -64z m971 30 c41 -16 69 -102 46 -139 -8
  -12 -16 -12 -55 3 -37 14 -46 22 -46 41 0 13 -5 35 -11 49 -9 20 -9 29 1 41
  15 18 29 19 65 5z m591 -1402 c37 -73 126 -274 199 -448 74 -173 147 -344 164
  -380 38 -80 40 -135 7 -205 -27 -59 -252 -433 -362 -602 -103 -159 -321 -435
  -457 -580 -47 -50 -53 -53 -100 -53 -48 0 -52 2 -113 65 -63 65 -124 155 -124
  187 0 9 -16 46 -35 82 l-35 66 16 78 c23 113 58 189 167 360 102 159 177 300
  226 423 16 41 47 115 69 164 22 50 59 151 82 225 23 74 53 163 67 198 13 35
  51 167 84 295 67 258 66 257 74 257 2 0 35 -59 71 -132z"/>
  </g>
  </g>

  <defs>
      <clipPath id="blue-clip">
        <rect x="0" :y="clipY + '%' " width="100%" height="100%" />
      </clipPath>
    </defs>
  <g clip-path="url(#blue-clip)">
  <g transform="translate(0.000000,1280.000000) scale(0.100000,-0.100000)"
  fill="blue" >
  <path d="M2732 12793 c-7 -3 -38 -20 -69 -39 -61 -37 -103 -43 -123 -19 -16
  19 -51 19 -154 1 -45 -8 -135 -19 -201 -26 -66 -6 -145 -18 -175 -27 -66 -18
  -199 -79 -278 -127 -54 -32 -450 -185 -857 -331 -329 -118 -502 -200 -716
  -341 -171 -113 -189 -155 -121 -299 57 -120 271 -362 607 -684 152 -146 212
  -197 541 -455 182 -144 330 -292 367 -369 40 -84 36 -97 -43 -124 -76 -25 -55
  -30 33 -7 69 18 68 18 87 -63 11 -53 11 -56 -12 -81 -14 -15 -30 -41 -37 -59
  -7 -17 -22 -40 -33 -50 -19 -17 -48 -64 -48 -78 0 -4 14 5 31 19 17 14 37 26
  45 26 8 0 26 7 39 16 13 8 34 14 47 12 19 -3 25 -14 40 -78 15 -65 18 -135 19
  -510 2 -459 1 -481 -47 -604 -38 -97 -146 -238 -354 -461 -62 -66 -127 -138
  -145 -160 -61 -74 -116 -193 -189 -412 -41 -120 -110 -310 -156 -423 -100
  -250 -116 -340 -106 -585 10 -256 40 -396 171 -795 46 -140 102 -322 124 -405
  22 -82 70 -247 106 -365 36 -118 65 -224 65 -236 0 -11 -30 -101 -66 -200 -85
  -233 -140 -412 -204 -663 -44 -172 -52 -214 -48 -275 4 -91 37 -160 116 -241
  111 -115 328 -350 356 -387 24 -33 30 -54 46 -180 10 -79 43 -253 74 -388 129
  -555 126 -538 261 -1393 19 -120 35 -235 35 -255 0 -69 -44 -139 -164 -256
  -61 -60 -144 -131 -184 -157 -72 -48 -166 -89 -201 -89 -10 0 -30 -9 -45 -21
  -65 -51 1 -138 74 -99 10 6 75 14 143 19 l125 8 113 61 c135 71 221 98 344
  107 108 8 167 31 195 77 31 51 27 110 -14 177 -68 113 -67 102 -76 681 -4 289
  -7 526 -5 528 5 6 468 -566 503 -621 72 -115 128 -314 120 -435 -8 -134 -122
  -355 -252 -487 -93 -95 -104 -117 -75 -146 27 -27 62 -19 109 26 19 18 68 49
  108 69 87 44 136 87 197 171 55 78 177 178 305 250 52 29 109 68 127 87 84 87
  66 178 -51 257 -86 58 -96 70 -218 261 -316 496 -323 512 -479 1057 -60 210
  -120 413 -135 450 -14 37 -38 118 -54 179 -31 122 -74 214 -143 312 -59 83
  -64 126 -37 387 29 295 26 459 -17 714 l-18 104 39 71 c50 91 251 443 379 661
  211 360 292 543 377 850 48 174 72 250 128 395 43 111 82 279 82 352 0 23 9
  84 21 134 21 86 23 90 39 74 10 -10 39 -21 66 -25 26 -4 92 -24 146 -46 113
  -45 186 -51 253 -20 69 31 332 260 515 447 189 194 345 371 540 614 120 150
  240 294 326 393 53 59 60 91 39 162 -8 30 -26 97 -40 148 -55 211 -256 714
  -354 886 -96 168 -171 329 -206 440 -36 118 -159 437 -212 551 -54 117 -121
  225 -165 267 -54 52 -88 61 -251 65 l-148 3 36 30 c55 47 75 83 75 138 0 74
  -29 119 -113 175 -91 62 -101 74 -133 153 -31 76 -58 124 -92 162 -52 56 -122
  23 -152 -70 -12 -38 -30 -66 -30 -48 0 6 7 39 16 75 9 36 19 100 23 142 l6 77
  88 -76 c97 -83 129 -130 162 -236 l22 -72 21 56 c11 31 24 84 28 118 3 33 10
  61 14 61 4 0 18 -8 29 -17 37 -30 46 -105 25 -198 -5 -19 -5 -19 10 -1 41 51
  27 163 -28 224 -43 48 -56 74 -56 111 0 55 -22 132 -45 159 l-22 26 20 17 c19
  15 19 19 8 48 -13 29 -11 35 23 90 42 68 43 78 16 130 -33 65 -105 111 -175
  111 -20 0 -21 6 -20 109 0 102 -2 111 -24 135 -35 38 -66 34 -89 -10 l-18 -36
  -54 66 c-29 36 -70 77 -91 90 -21 14 -51 45 -68 69 -17 25 -54 60 -83 78 -61
  39 -168 79 -212 79 -26 0 -28 2 -16 14 31 30 91 23 135 -15 39 -35 46 -26 13
  16 -33 42 -103 65 -146 48z m600 -434 c-5 -31 -5 -31 -24 -11 -22 22 -17 42
  11 42 14 0 17 -6 13 -31z m-1412 -162 c0 -7 -8 -23 -17 -37 -18 -26 -21 -25
  32 -4 42 17 -10 -75 -63 -111 -42 -29 -61 -32 -41 -9 12 15 11 16 -8 10 -21
  -7 -21 -6 -8 38 25 84 56 125 93 126 6 0 12 -6 12 -13z m-115 -78 c-14 -30
  -25 -59 -25 -65 0 -7 -11 -19 -25 -28 -24 -16 -24 -18 -9 -41 15 -23 14 -25
  -10 -46 -25 -22 -25 -24 -10 -47 16 -24 16 -25 -7 -18 -49 14 -97 18 -103 8
  -16 -26 16 -51 102 -82 17 -7 32 -18 32 -25 0 -7 -22 -34 -49 -61 -52 -53 -71
  -97 -71 -174 0 -69 -8 -74 -69 -54 -94 30 -219 1 -298 -70 -37 -34 -46 -49
  -46 -75 0 -28 27 -73 36 -60 1 2 15 23 29 45 71 110 276 122 352 20 16 -21 21
  -42 21 -93 0 -56 -3 -67 -24 -84 -37 -31 -70 -24 -145 31 -41 30 -79 50 -95
  50 -16 0 -51 -19 -90 -50 -81 -63 -120 -77 -158 -56 -15 8 -77 58 -138 111
  -60 53 -158 135 -217 182 -93 75 -105 88 -95 104 6 10 146 108 312 218 253
  168 328 212 480 284 193 91 326 142 343 132 1 -1 -9 -26 -23 -56z m1725 -69
  c17 -9 45 -69 36 -78 -3 -2 -21 -1 -40 2 -38 7 -78 48 -69 72 6 16 46 19 73 4z
  m-1669 -64 c-34 -49 -54 -61 -70 -42 -17 21 -4 40 42 64 59 29 62 28 28 -22z
  m1442 -147 c54 -48 87 -93 87 -119 0 -7 -13 -1 -28 12 -15 12 -46 31 -69 42
  -42 18 -63 52 -63 97 0 28 11 24 73 -32z m-1403 -90 c-47 -40 -109 -69 -149
  -69 -41 0 -32 16 14 24 20 4 61 23 93 41 70 43 89 44 42 4z m1446 -43 c54 -41
  136 -136 118 -136 -3 0 -33 25 -67 56 -33 30 -77 66 -98 79 -20 13 -40 29 -44
  35 -9 15 5 33 18 22 7 -5 39 -30 73 -56z m-1415 -93 c-12 -22 -107 -114 -141
  -137 -27 -18 -80 -22 -80 -6 0 6 10 10 23 10 28 0 54 18 136 92 69 62 77 68
  62 41z m268 -265 c23 -20 44 -28 71 -28 68 0 64 -42 -15 -145 -77 -101 -112
  -185 -130 -310 -17 -119 -44 -189 -85 -214 l-24 -16 23 31 c30 41 40 91 41
  199 0 80 3 96 29 145 57 109 60 212 10 359 -26 75 -24 81 14 41 18 -19 48 -47
  66 -62z m-734 -180 c69 -47 84 -53 129 -53 28 0 66 8 84 17 38 20 41 10 8 -29
  -22 -25 -31 -28 -88 -28 -54 0 -78 7 -163 47 -55 25 -109 49 -120 53 -19 6
  -19 7 4 26 36 29 61 23 146 -33z m1810 -191 c14 -37 21 -67 17 -67 -4 0 -24
  11 -44 25 -21 14 -48 29 -62 35 -19 7 -26 18 -31 52 -6 43 1 72 40 163 l18 40
  18 -91 c10 -50 30 -120 44 -157z m-877 130 c33 -103 34 -114 12 -120 -12 -3
  -29 -27 -44 -59 -29 -63 -31 -52 -11 61 9 52 12 106 8 139 -8 73 9 62 35 -21z
  m-1015 11 l32 -31 -30 -13 c-26 -11 -27 -13 -7 -14 22 0 31 -24 12 -35 -16
  -10 -52 5 -47 19 4 9 -2 11 -18 8 -24 -4 -145 45 -145 59 0 12 88 37 133 38
  30 1 45 -6 70 -31z m2134 -28 c59 -27 103 -61 103 -78 0 -5 -21 -5 -47 -1 -27
  4 -71 8 -98 8 -58 1 -75 13 -75 52 0 67 9 68 117 19z m-1693 -97 c-25 -18 -28
  -9 -7 23 16 24 18 26 22 9 2 -10 -5 -25 -15 -32z m1780 -22 c45 -28 52 -51 27
  -98 -25 -50 -69 -91 -75 -72 -2 8 -10 31 -16 51 -6 21 -31 59 -56 87 -24 27
  -44 52 -44 56 0 16 129 -3 164 -24z m-372 -93 c32 -43 51 -78 44 -85 -3 -3
  -21 5 -41 17 -38 23 -65 65 -65 100 0 17 3 19 18 11 11 -6 30 -25 44 -43z
  m-778 -48 c-8 -53 -26 -134 -32 -144 -9 -16 -22 19 -22 60 0 56 17 144 32 162
  10 12 14 10 20 -14 4 -16 5 -45 2 -64z m971 30 c41 -16 69 -102 46 -139 -8
  -12 -16 -12 -55 3 -37 14 -46 22 -46 41 0 13 -5 35 -11 49 -9 20 -9 29 1 41
  15 18 29 19 65 5z m591 -1402 c37 -73 126 -274 199 -448 74 -173 147 -344 164
  -380 38 -80 40 -135 7 -205 -27 -59 -252 -433 -362 -602 -103 -159 -321 -435
  -457 -580 -47 -50 -53 -53 -100 -53 -48 0 -52 2 -113 65 -63 65 -124 155 -124
  187 0 9 -16 46 -35 82 l-35 66 16 78 c23 113 58 189 167 360 102 159 177 300
  226 423 16 41 47 115 69 164 22 50 59 151 82 225 23 74 53 163 67 198 13 35
  51 167 84 295 67 258 66 257 74 257 2 0 35 -59 71 -132z"/>
  </g>
  </g>

        </svg>

   <!-- <div v-if="selectAge2==1" class="flex">
                  <button class="p-1 bg-[#623093] w-full text-white hover:cursor-pointer border border-slate-500 rounded-l">Current Age</button>
                  <button class="p-1 bg-[#FAF9F6] hover:bg-[#EEE5F7] w-full hover:cursor-pointer border border-slate-500 disabled:cursor-not-allowed" @click="selectAge2=2;Page04()" :disabled="ageV>=78">Next 3 Years</button>
                  <button class="p-1 bg-[#FAF9F6] hover:bg-[#EEE5F7] w-full hover:cursor-pointer border border-slate-500 rounded-r disabled:cursor-not-allowed" @click="selectAge2=3;Page04() " :disabled="ageV>=76">Next 5 Years</button>
                </div>

                <div v-else-if="selectAge2==2" class="flex">
                  <button class="p-1 bg-[#FAF9F6] hover:bg-[#EEE5F7] w-full  hover:cursor-pointer border border-slate-500 rounded-l" @click="selectAge2=1;Page04()">Current Age</button>
                  <button class="p-1 bg-[#623093] w-full text-white hover:cursor-pointer border border-slate-500 disabled:cursor-not-allowed" :disabled="ageV>=78">Next 3 Years </button>
                  <button class="p-1 bg-[#FAF9F6] hover:bg-[#EEE5F7] w-full hover:cursor-pointer border border-slate-500 rounded-r disabled:cursor-not-allowed" @click="selectAge2=3;Page04()" :disabled="ageV>=76">Next 5 Years</button>
                </div>

                <div v-else-if="selectAge2==3" class="flex">
                  <button class="p-1 bg-[#FAF9F6] hover:bg-[#EEE5F7] w-full hover:cursor-pointer border border-slate-500 rounded-l" @click="selectAge2=1;Page04()">Current Age</button>
                  <button class="p-1 bg-[#FAF9F6] hover:bg-[#EEE5F7] w-full hover:cursor-pointer border border-slate-500 disabled:cursor-not-allowed" @click="selectAge2=2;Page04()" :disabled="ageV>=78">Next 3 Years</button>
                  <button class="p-1 bg-[#623093] w-full text-white hover:cursor-pointer border border-slate-500 rounded-r disabled:cursor-not-allowed" :disabled="ageV>=76">Next 5 Years</button>
                </div> -->

<!-- <div v-if="selectAge==1" class="flex">
                  <button class="p-1 bg-[#623093] w-full text-white hover:cursor-pointer border border-slate-500 rounded-l">Current Age</button>
                  <button class="p-1 bg-[#FAF9F6] hover:bg-[#EEE5F7] w-full hover:cursor-pointer border border-slate-500 disabled:cursor-not-allowed" @click="selectAge=2;Page03()" :disabled="ageV>=78">Next 3 Years</button>
                  <button class="p-1 bg-[#FAF9F6] hover:bg-[#EEE5F7] w-full hover:cursor-pointer border border-slate-500 rounded-r disabled:cursor-not-allowed" @click="selectAge=3;Page03() " :disabled="ageV>=76">Next 5 Years</button>
                </div>

                <div v-else-if="selectAge==2" class="flex">
                  <button class="p-1 bg-[#FAF9F6] hover:bg-[#EEE5F7] w-full  hover:cursor-pointer border border-slate-500 rounded-l" @click="selectAge=1;Page03()">Current Age</button>
                  <button class="p-1 bg-[#623093] w-full text-white hover:cursor-pointer border border-slate-500 disabled:cursor-not-allowed" :disabled="ageV>=78">Next 3 Years </button>
                  <button class="p-1 bg-[#FAF9F6] hover:bg-[#EEE5F7] w-full hover:cursor-pointer border border-slate-500 rounded-r disabled:cursor-not-allowed" @click="selectAge=3;Page03()" :disabled="ageV>=76">Next 5 Years</button>
                </div>

                <div v-else-if="selectAge==3" class="flex">
                  <button class="p-1 bg-[#FAF9F6] hover:bg-[#EEE5F7] w-full hover:cursor-pointer border border-slate-500 rounded-l" @click="selectAge=1;Page03()">Current Age</button>
                  <button class="p-1 bg-[#FAF9F6] hover:bg-[#EEE5F7] w-full hover:cursor-pointer border border-slate-500 disabled:cursor-not-allowed" @click="selectAge=2;Page03()" :disabled="ageV>=78">Next 3 Years</button>
                  <button class="p-1 bg-[#623093] w-full text-white hover:cursor-pointer border border-slate-500 rounded-r disabled:cursor-not-allowed" :disabled="ageV>=76">Next 5 Years</button>
                </div> -->

<div v-else-if="page==6" class=" h-[82vh] bg-gradient-to-b from-[#51287B] to-[#093963]">
      <div class="h-full flex justify-center">
        <div class="mt-[20vh]">
          <p class="mb-[3vh] text-[#F7931E] font-bold">QUESTION 1</p>
          <p class="mb-[3vh] text-white text-2xl font-bold">Which gene did you test positive to?</p>
          <div class="mb-[3vh]" role="group">
            <button @click="option1=true; option3=false; option4=false; optionSelect=true" type="button" :class="{ activeOp: option1V }" class=" text-slate-800 drop-shadow hover:text-white py-5 px-24 font-bold bg-white hover:bg-[#623093] mx-2 rounded">BRCA1</button>
            <button @click="option1=false; option3=true; option4=false; optionSelect=true" type="button" :class="{ activeOp: option3V }" class=" text-slate-800 drop-shadow hover:text-white py-5 px-24 font-bold bg-white hover:bg-[#623093] mx-2 rounded">BRCA2</button>
            <button @click="option1=false; option3=false; option4=true; optionSelect=true" type="button" :class="{ activeOp: option4V }" class=" text-slate-800 drop-shadow hover:text-white py-5 px-24 font-bold bg-white hover:bg-[#623093] mx-2 rounded">PALB2</button>
          </div>
          <div class="mb-[3vh]">
            <!-- <button @click="page=5" class="drop-shadow text-white py-4 px-16 font-bold bg-[#3D393E] hover:bg-[#007DBC] mx-2 rounded hover:scale-105">← BACK</button> -->
            <button @click="page=5;Page02();ChageAge()" :disabled="!optionSelect" class="drop-shadow text-white py-4 px-16 font-bold bg-[#623093] disabled:text-slate-400 disabled:bg-slate-800 mx-2 rounded hover:scale-105">FINISH</button>
          </div>
        </div>
      </div>
    </div>

    <div v-else-if="page==7" class=" h-[82vh] bg-gradient-to-b from-[#51287B] to-[#093963]">
      <div class="h-full flex justify-center">
        <div class="mt-[20vh]">
          <p class="mb-[3vh] text-[#F7931E] font-bold">QUESTION 2</p>
          <p class="mb-[3vh] text-white text-2xl font-bold">What is your current age?</p>
          <div class="mb-[2vh]" >
            <input v-model="ageV" type="number" class=" text-center rounded py-5 px-10 font-bold">
          </div>
          <div class="mb-[2vh]" >
            <p class=" text-white">*age must be between 20 to 80 years</p>
          </div>
          <div class="mb-[3vh]">
            <!-- <button @click="page=5" class="drop-shadow text-white py-4 px-16 font-bold bg-[#3D393E] hover:bg-[#007DBC] mx-2 rounded hover:scale-105">← BACK</button> -->
            <button @click="page=5;ChageAge()" :disabled="ageV=='' || ageV<20 || ageV>80" class="drop-shadow text-white py-4 px-16 font-bold bg-[#623093] disabled:text-slate-400 disabled:bg-slate-800 mx-2 rounded hover:scale-105">FINISH</button>
          </div>
        </div>
      </div>
    </div>